
[base]
albedo = 0.457531, 0.329476, 0.166376
roughness = 0.6
metallic = 0.1

