
[base]
albedo = 0.177434, 0.441915, 0.723042
roughness = 0.6
metallic = 0.1
